300 #copynumber_states
0,0 0,1
0 #state_trees
0,0 0,2
0 #state_trees
0,0 0,3
0 #state_trees
0,0 0,4
0 #state_trees
0,0 1,0
2 #state_trees
1,0,0 0,0,0 1,0,0 1,0,1
1,0,0 1,0,1 1,0,1 0,0,0
0,0 1,1
2 #state_trees
1,1,0 0,0,0 1,1,0 1,1,1
1,1,0 1,1,1 1,1,1 0,0,0
0,0 1,2
0 #state_trees
0,0 1,3
0 #state_trees
0,0 1,4
0 #state_trees
0,0 2,0
3 #state_trees
2,0,0 0,0,0 2,0,0 2,0,1
2,0,0 2,0,1
2,0,0 2,0,1 2,0,1 0,0,0
0,0 2,1
3 #state_trees
2,1,0 0,0,0 2,1,0 2,1,1
2,1,0 2,1,1
2,1,0 2,1,1 2,1,1 0,0,0
0,0 2,2
3 #state_trees
2,2,0 0,0,0 2,2,0 2,2,1
2,2,0 2,2,1
2,2,0 2,2,1 2,2,1 0,0,0
0,0 2,3
0 #state_trees
0,0 2,4
0 #state_trees
0,0 3,0
3 #state_trees
3,0,0 0,0,0 3,0,0 3,0,1
3,0,0 3,0,1
3,0,0 3,0,1 3,0,1 0,0,0
0,0 3,1
3 #state_trees
3,1,0 0,0,0 3,1,0 3,1,1
3,1,0 3,1,1
3,1,0 3,1,1 3,1,1 0,0,0
0,0 3,2
3 #state_trees
3,2,0 0,0,0 3,2,0 3,2,1
3,2,0 3,2,1
3,2,0 3,2,1 3,2,1 0,0,0
0,0 3,3
3 #state_trees
3,3,0 0,0,0 3,3,0 3,3,1
3,3,0 3,3,1
3,3,0 3,3,1 3,3,1 0,0,0
0,0 3,4
0 #state_trees
0,0 4,0
3 #state_trees
4,0,0 0,0,0 4,0,0 4,0,1
4,0,0 4,0,1
4,0,0 4,0,1 4,0,1 0,0,0
0,0 4,1
3 #state_trees
4,1,0 0,0,0 4,1,0 4,1,1
4,1,0 4,1,1
4,1,0 4,1,1 4,1,1 0,0,0
0,0 4,2
3 #state_trees
4,2,0 0,0,0 4,2,0 4,2,1
4,2,0 4,2,1
4,2,0 4,2,1 4,2,1 0,0,0
0,0 4,3
3 #state_trees
4,3,0 0,0,0 4,3,0 4,3,1
4,3,0 4,3,1
4,3,0 4,3,1 4,3,1 0,0,0
0,0 4,4
3 #state_trees
4,4,0 0,0,0 4,4,0 4,4,1
4,4,0 4,4,1
4,4,0 4,4,1 4,4,1 0,0,0
0,1 0,2
0 #state_trees
0,1 0,3
0 #state_trees
0,1 0,4
0 #state_trees
0,1 1,0
0 #state_trees
0,1 1,1
0 #state_trees
0,1 1,2
0 #state_trees
0,1 1,3
0 #state_trees
0,1 1,4
0 #state_trees
0,1 2,0
0 #state_trees
0,1 2,1
0 #state_trees
0,1 2,2
0 #state_trees
0,1 2,3
0 #state_trees
0,1 2,4
0 #state_trees
0,1 3,0
0 #state_trees
0,1 3,1
0 #state_trees
0,1 3,2
0 #state_trees
0,1 3,3
0 #state_trees
0,1 3,4
0 #state_trees
0,1 4,0
0 #state_trees
0,1 4,1
0 #state_trees
0,1 4,2
0 #state_trees
0,1 4,3
0 #state_trees
0,1 4,4
0 #state_trees
0,2 0,3
0 #state_trees
0,2 0,4
0 #state_trees
0,2 1,0
0 #state_trees
0,2 1,1
0 #state_trees
0,2 1,2
0 #state_trees
0,2 1,3
0 #state_trees
0,2 1,4
0 #state_trees
0,2 2,0
0 #state_trees
0,2 2,1
0 #state_trees
0,2 2,2
0 #state_trees
0,2 2,3
0 #state_trees
0,2 2,4
0 #state_trees
0,2 3,0
0 #state_trees
0,2 3,1
0 #state_trees
0,2 3,2
0 #state_trees
0,2 3,3
0 #state_trees
0,2 3,4
0 #state_trees
0,2 4,0
0 #state_trees
0,2 4,1
0 #state_trees
0,2 4,2
0 #state_trees
0,2 4,3
0 #state_trees
0,2 4,4
0 #state_trees
0,3 0,4
0 #state_trees
0,3 1,0
0 #state_trees
0,3 1,1
0 #state_trees
0,3 1,2
0 #state_trees
0,3 1,3
0 #state_trees
0,3 1,4
0 #state_trees
0,3 2,0
0 #state_trees
0,3 2,1
0 #state_trees
0,3 2,2
0 #state_trees
0,3 2,3
0 #state_trees
0,3 2,4
0 #state_trees
0,3 3,0
0 #state_trees
0,3 3,1
0 #state_trees
0,3 3,2
0 #state_trees
0,3 3,3
0 #state_trees
0,3 3,4
0 #state_trees
0,3 4,0
0 #state_trees
0,3 4,1
0 #state_trees
0,3 4,2
0 #state_trees
0,3 4,3
0 #state_trees
0,3 4,4
0 #state_trees
0,4 1,0
0 #state_trees
0,4 1,1
0 #state_trees
0,4 1,2
0 #state_trees
0,4 1,3
0 #state_trees
0,4 1,4
0 #state_trees
0,4 2,0
0 #state_trees
0,4 2,1
0 #state_trees
0,4 2,2
0 #state_trees
0,4 2,3
0 #state_trees
0,4 2,4
0 #state_trees
0,4 3,0
0 #state_trees
0,4 3,1
0 #state_trees
0,4 3,2
0 #state_trees
0,4 3,3
0 #state_trees
0,4 3,4
0 #state_trees
0,4 4,0
0 #state_trees
0,4 4,1
0 #state_trees
0,4 4,2
0 #state_trees
0,4 4,3
0 #state_trees
0,4 4,4
0 #state_trees
1,0 1,1
4 #state_trees
1,0,0 1,0,1 1,1,0 1,0,0
1,1,0 1,0,0 1,1,0 1,1,1
1,1,0 1,1,1 1,1,1 1,0,0
1,1,0 1,1,1 1,1,1 1,0,1
1,0 1,2
0 #state_trees
1,0 1,3
0 #state_trees
1,0 1,4
0 #state_trees
1,0 2,0
9 #state_trees
1,0,0 1,0,1
1,0,0 1,0,1 1,0,0 2,0,0
1,0,0 1,0,1 1,0,1 2,0,2
1,0,0 1,0,1 2,0,0 1,0,0
1,0,0 2,0,0 2,0,0 2,0,1
2,0,0 1,0,0 2,0,0 2,0,1
2,0,0 2,0,1
2,0,0 2,0,1 2,0,1 1,0,0
2,0,0 2,0,1 2,0,1 1,0,1
1,0 2,1
6 #state_trees
1,0,0 1,0,1
1,0,0 1,0,1 2,1,0 1,0,0
2,1,0 1,0,0 2,1,0 2,1,1
2,1,0 2,1,1
2,1,0 2,1,1 2,1,1 1,0,0
2,1,0 2,1,1 2,1,1 1,0,1
1,0 2,2
6 #state_trees
1,0,0 1,0,1
1,0,0 1,0,1 2,2,0 1,0,0
2,2,0 1,0,0 2,2,0 2,2,1
2,2,0 2,2,1
2,2,0 2,2,1 2,2,1 1,0,0
2,2,0 2,2,1 2,2,1 1,0,1
1,0 2,3
0 #state_trees
1,0 2,4
0 #state_trees
1,0 3,0
9 #state_trees
1,0,0 1,0,1
1,0,0 1,0,1 1,0,0 3,0,0
1,0,0 1,0,1 1,0,1 3,0,3
1,0,0 1,0,1 3,0,0 1,0,0
1,0,0 3,0,0 3,0,0 3,0,1
3,0,0 1,0,0 3,0,0 3,0,1
3,0,0 3,0,1
3,0,0 3,0,1 3,0,1 1,0,0
3,0,0 3,0,1 3,0,1 1,0,1
1,0 3,1
6 #state_trees
1,0,0 1,0,1
1,0,0 1,0,1 3,1,0 1,0,0
3,1,0 1,0,0 3,1,0 3,1,1
3,1,0 3,1,1
3,1,0 3,1,1 3,1,1 1,0,0
3,1,0 3,1,1 3,1,1 1,0,1
1,0 3,2
6 #state_trees
1,0,0 1,0,1
1,0,0 1,0,1 3,2,0 1,0,0
3,2,0 1,0,0 3,2,0 3,2,1
3,2,0 3,2,1
3,2,0 3,2,1 3,2,1 1,0,0
3,2,0 3,2,1 3,2,1 1,0,1
1,0 3,3
6 #state_trees
1,0,0 1,0,1
1,0,0 1,0,1 3,3,0 1,0,0
3,3,0 1,0,0 3,3,0 3,3,1
3,3,0 3,3,1
3,3,0 3,3,1 3,3,1 1,0,0
3,3,0 3,3,1 3,3,1 1,0,1
1,0 3,4
0 #state_trees
1,0 4,0
9 #state_trees
1,0,0 1,0,1
1,0,0 1,0,1 1,0,0 4,0,0
1,0,0 1,0,1 1,0,1 4,0,4
1,0,0 1,0,1 4,0,0 1,0,0
1,0,0 4,0,0 4,0,0 4,0,1
4,0,0 1,0,0 4,0,0 4,0,1
4,0,0 4,0,1
4,0,0 4,0,1 4,0,1 1,0,0
4,0,0 4,0,1 4,0,1 1,0,1
1,0 4,1
6 #state_trees
1,0,0 1,0,1
1,0,0 1,0,1 4,1,0 1,0,0
4,1,0 1,0,0 4,1,0 4,1,1
4,1,0 4,1,1
4,1,0 4,1,1 4,1,1 1,0,0
4,1,0 4,1,1 4,1,1 1,0,1
1,0 4,2
6 #state_trees
1,0,0 1,0,1
1,0,0 1,0,1 4,2,0 1,0,0
4,2,0 1,0,0 4,2,0 4,2,1
4,2,0 4,2,1
4,2,0 4,2,1 4,2,1 1,0,0
4,2,0 4,2,1 4,2,1 1,0,1
1,0 4,3
6 #state_trees
1,0,0 1,0,1
1,0,0 1,0,1 4,3,0 1,0,0
4,3,0 1,0,0 4,3,0 4,3,1
4,3,0 4,3,1
4,3,0 4,3,1 4,3,1 1,0,0
4,3,0 4,3,1 4,3,1 1,0,1
1,0 4,4
6 #state_trees
1,0,0 1,0,1
1,0,0 1,0,1 4,4,0 1,0,0
4,4,0 1,0,0 4,4,0 4,4,1
4,4,0 4,4,1
4,4,0 4,4,1 4,4,1 1,0,0
4,4,0 4,4,1 4,4,1 1,0,1
1,1 1,2
0 #state_trees
1,1 1,3
0 #state_trees
1,1 1,4
0 #state_trees
1,1 2,0
4 #state_trees
1,1,0 1,1,1 1,1,0 2,0,0
1,1,0 1,1,1 1,1,1 2,0,0
1,1,0 1,1,1 1,1,1 2,0,2
1,1,0 2,0,0 2,0,0 2,0,1
1,1 2,1
4 #state_trees
1,1,0 1,1,1 1,1,0 2,1,0
1,1,0 1,1,1 1,1,1 2,1,1
1,1,0 1,1,1 1,1,1 2,1,2
1,1,0 2,1,0 2,1,0 2,1,1
1,1 2,2
3 #state_trees
1,1,0 1,1,1 1,1,0 2,2,0
1,1,0 1,1,1 1,1,1 2,2,2
1,1,0 2,2,0 2,2,0 2,2,1
1,1 2,3
0 #state_trees
1,1 2,4
0 #state_trees
1,1 3,0
4 #state_trees
1,1,0 1,1,1 1,1,0 3,0,0
1,1,0 1,1,1 1,1,1 3,0,0
1,1,0 1,1,1 1,1,1 3,0,3
1,1,0 3,0,0 3,0,0 3,0,1
1,1 3,1
4 #state_trees
1,1,0 1,1,1 1,1,0 3,1,0
1,1,0 1,1,1 1,1,1 3,1,1
1,1,0 1,1,1 1,1,1 3,1,3
1,1,0 3,1,0 3,1,0 3,1,1
1,1 3,2
4 #state_trees
1,1,0 1,1,1 1,1,0 3,2,0
1,1,0 1,1,1 1,1,1 3,2,2
1,1,0 1,1,1 1,1,1 3,2,3
1,1,0 3,2,0 3,2,0 3,2,1
1,1 3,3
3 #state_trees
1,1,0 1,1,1 1,1,0 3,3,0
1,1,0 1,1,1 1,1,1 3,3,3
1,1,0 3,3,0 3,3,0 3,3,1
1,1 3,4
0 #state_trees
1,1 4,0
4 #state_trees
1,1,0 1,1,1 1,1,0 4,0,0
1,1,0 1,1,1 1,1,1 4,0,0
1,1,0 1,1,1 1,1,1 4,0,4
1,1,0 4,0,0 4,0,0 4,0,1
1,1 4,1
4 #state_trees
1,1,0 1,1,1 1,1,0 4,1,0
1,1,0 1,1,1 1,1,1 4,1,1
1,1,0 1,1,1 1,1,1 4,1,4
1,1,0 4,1,0 4,1,0 4,1,1
1,1 4,2
4 #state_trees
1,1,0 1,1,1 1,1,0 4,2,0
1,1,0 1,1,1 1,1,1 4,2,2
1,1,0 1,1,1 1,1,1 4,2,4
1,1,0 4,2,0 4,2,0 4,2,1
1,1 4,3
4 #state_trees
1,1,0 1,1,1 1,1,0 4,3,0
1,1,0 1,1,1 1,1,1 4,3,3
1,1,0 1,1,1 1,1,1 4,3,4
1,1,0 4,3,0 4,3,0 4,3,1
1,1 4,4
3 #state_trees
1,1,0 1,1,1 1,1,0 4,4,0
1,1,0 1,1,1 1,1,1 4,4,4
1,1,0 4,4,0 4,4,0 4,4,1
1,2 1,3
0 #state_trees
1,2 1,4
0 #state_trees
1,2 2,0
0 #state_trees
1,2 2,1
0 #state_trees
1,2 2,2
0 #state_trees
1,2 2,3
0 #state_trees
1,2 2,4
0 #state_trees
1,2 3,0
0 #state_trees
1,2 3,1
0 #state_trees
1,2 3,2
0 #state_trees
1,2 3,3
0 #state_trees
1,2 3,4
0 #state_trees
1,2 4,0
0 #state_trees
1,2 4,1
0 #state_trees
1,2 4,2
0 #state_trees
1,2 4,3
0 #state_trees
1,2 4,4
0 #state_trees
1,3 1,4
0 #state_trees
1,3 2,0
0 #state_trees
1,3 2,1
0 #state_trees
1,3 2,2
0 #state_trees
1,3 2,3
0 #state_trees
1,3 2,4
0 #state_trees
1,3 3,0
0 #state_trees
1,3 3,1
0 #state_trees
1,3 3,2
0 #state_trees
1,3 3,3
0 #state_trees
1,3 3,4
0 #state_trees
1,3 4,0
0 #state_trees
1,3 4,1
0 #state_trees
1,3 4,2
0 #state_trees
1,3 4,3
0 #state_trees
1,3 4,4
0 #state_trees
1,4 2,0
0 #state_trees
1,4 2,1
0 #state_trees
1,4 2,2
0 #state_trees
1,4 2,3
0 #state_trees
1,4 2,4
0 #state_trees
1,4 3,0
0 #state_trees
1,4 3,1
0 #state_trees
1,4 3,2
0 #state_trees
1,4 3,3
0 #state_trees
1,4 3,4
0 #state_trees
1,4 4,0
0 #state_trees
1,4 4,1
0 #state_trees
1,4 4,2
0 #state_trees
1,4 4,3
0 #state_trees
1,4 4,4
0 #state_trees
2,0 2,1
7 #state_trees
2,0,0 2,0,1
2,0,0 2,0,1 2,1,0 2,0,0
2,1,0 2,0,0 2,1,0 2,1,1
2,1,0 2,1,1
2,1,0 2,1,1 2,1,1 2,0,0
2,1,0 2,1,1 2,1,1 2,0,1
2,1,0 2,1,1 2,1,1 2,0,2
2,0 2,2
7 #state_trees
2,0,0 2,0,1
2,0,0 2,0,1 2,2,0 2,0,0
2,2,0 2,0,0 2,2,0 2,2,1
2,2,0 2,2,1
2,2,0 2,2,1 2,2,1 2,0,0
2,2,0 2,2,1 2,2,1 2,0,1
2,2,0 2,2,1 2,2,1 2,0,2
2,0 2,3
0 #state_trees
2,0 2,4
0 #state_trees
2,0 3,0
10 #state_trees
2,0,0 2,0,1
2,0,0 2,0,1 2,0,0 3,0,0
2,0,0 2,0,1 2,0,1 3,0,1
2,0,0 2,0,1 2,0,1 3,0,2
2,0,0 2,0,1 3,0,0 2,0,0
2,0,0 3,0,0 3,0,0 3,0,1
3,0,0 2,0,0 3,0,0 3,0,1
3,0,0 3,0,1
3,0,0 3,0,1 3,0,1 2,0,0
3,0,0 3,0,1 3,0,1 2,0,1
2,0 3,1
7 #state_trees
2,0,0 2,0,1
2,0,0 2,0,1 3,1,0 2,0,0
3,1,0 2,0,0 3,1,0 3,1,1
3,1,0 3,1,1
3,1,0 3,1,1 3,1,1 2,0,0
3,1,0 3,1,1 3,1,1 2,0,1
3,1,0 3,1,1 3,1,1 2,0,2
2,0 3,2
7 #state_trees
2,0,0 2,0,1
2,0,0 2,0,1 3,2,0 2,0,0
3,2,0 2,0,0 3,2,0 3,2,1
3,2,0 3,2,1
3,2,0 3,2,1 3,2,1 2,0,0
3,2,0 3,2,1 3,2,1 2,0,1
3,2,0 3,2,1 3,2,1 2,0,2
2,0 3,3
7 #state_trees
2,0,0 2,0,1
2,0,0 2,0,1 3,3,0 2,0,0
3,3,0 2,0,0 3,3,0 3,3,1
3,3,0 3,3,1
3,3,0 3,3,1 3,3,1 2,0,0
3,3,0 3,3,1 3,3,1 2,0,1
3,3,0 3,3,1 3,3,1 2,0,2
2,0 3,4
0 #state_trees
2,0 4,0
11 #state_trees
2,0,0 2,0,1
2,0,0 2,0,1 2,0,0 4,0,0
2,0,0 2,0,1 2,0,1 4,0,1
2,0,0 2,0,1 2,0,1 4,0,2
2,0,0 2,0,1 2,0,1 4,0,3
2,0,0 2,0,1 4,0,0 2,0,0
2,0,0 4,0,0 4,0,0 4,0,1
4,0,0 2,0,0 4,0,0 4,0,1
4,0,0 4,0,1
4,0,0 4,0,1 4,0,1 2,0,0
4,0,0 4,0,1 4,0,1 2,0,1
2,0 4,1
7 #state_trees
2,0,0 2,0,1
2,0,0 2,0,1 4,1,0 2,0,0
4,1,0 2,0,0 4,1,0 4,1,1
4,1,0 4,1,1
4,1,0 4,1,1 4,1,1 2,0,0
4,1,0 4,1,1 4,1,1 2,0,1
4,1,0 4,1,1 4,1,1 2,0,2
2,0 4,2
7 #state_trees
2,0,0 2,0,1
2,0,0 2,0,1 4,2,0 2,0,0
4,2,0 2,0,0 4,2,0 4,2,1
4,2,0 4,2,1
4,2,0 4,2,1 4,2,1 2,0,0
4,2,0 4,2,1 4,2,1 2,0,1
4,2,0 4,2,1 4,2,1 2,0,2
2,0 4,3
7 #state_trees
2,0,0 2,0,1
2,0,0 2,0,1 4,3,0 2,0,0
4,3,0 2,0,0 4,3,0 4,3,1
4,3,0 4,3,1
4,3,0 4,3,1 4,3,1 2,0,0
4,3,0 4,3,1 4,3,1 2,0,1
4,3,0 4,3,1 4,3,1 2,0,2
2,0 4,4
7 #state_trees
2,0,0 2,0,1
2,0,0 2,0,1 4,4,0 2,0,0
4,4,0 2,0,0 4,4,0 4,4,1
4,4,0 4,4,1
4,4,0 4,4,1 4,4,1 2,0,0
4,4,0 4,4,1 4,4,1 2,0,1
4,4,0 4,4,1 4,4,1 2,0,2
2,1 2,2
5 #state_trees
2,1,0 2,1,1 2,1,0 2,2,0
2,1,0 2,1,1 2,1,1 2,2,0
2,1,0 2,1,1 2,1,1 2,2,1
2,1,0 2,1,1 2,1,1 2,2,2
2,1,0 2,2,0 2,2,0 2,2,1
2,1 2,3
0 #state_trees
2,1 2,4
0 #state_trees
2,1 3,0
8 #state_trees
2,1,0 2,1,1
2,1,0 2,1,1 2,1,0 3,0,0
2,1,0 2,1,1 2,1,1 3,0,0
2,1,0 2,1,1 2,1,1 3,0,1
2,1,0 2,1,1 2,1,1 3,0,2
2,1,0 2,1,1 2,1,1 3,0,3
2,1,0 3,0,0 3,0,0 3,0,1
3,0,0 3,0,1
2,1 3,1
6 #state_trees
2,1,0 2,1,1 2,1,0 3,1,0
2,1,0 2,1,1 2,1,1 3,1,0
2,1,0 2,1,1 2,1,1 3,1,1
2,1,0 2,1,1 2,1,1 3,1,2
2,1,0 2,1,1 2,1,1 3,1,3
2,1,0 3,1,0 3,1,0 3,1,1
2,1 3,2
6 #state_trees
2,1,0 2,1,1 2,1,0 3,2,0
2,1,0 2,1,1 2,1,1 3,2,0
2,1,0 2,1,1 2,1,1 3,2,1
2,1,0 2,1,1 2,1,1 3,2,2
2,1,0 2,1,1 2,1,1 3,2,3
2,1,0 3,2,0 3,2,0 3,2,1
2,1 3,3
6 #state_trees
2,1,0 2,1,1 2,1,0 3,3,0
2,1,0 2,1,1 2,1,1 3,3,0
2,1,0 2,1,1 2,1,1 3,3,1
2,1,0 2,1,1 2,1,1 3,3,2
2,1,0 2,1,1 2,1,1 3,3,3
2,1,0 3,3,0 3,3,0 3,3,1
2,1 3,4
0 #state_trees
2,1 4,0
9 #state_trees
2,1,0 2,1,1
2,1,0 2,1,1 2,1,0 4,0,0
2,1,0 2,1,1 2,1,1 4,0,0
2,1,0 2,1,1 2,1,1 4,0,1
2,1,0 2,1,1 2,1,1 4,0,2
2,1,0 2,1,1 2,1,1 4,0,3
2,1,0 2,1,1 2,1,1 4,0,4
2,1,0 4,0,0 4,0,0 4,0,1
4,0,0 4,0,1
2,1 4,1
7 #state_trees
2,1,0 2,1,1 2,1,0 4,1,0
2,1,0 2,1,1 2,1,1 4,1,0
2,1,0 2,1,1 2,1,1 4,1,1
2,1,0 2,1,1 2,1,1 4,1,2
2,1,0 2,1,1 2,1,1 4,1,3
2,1,0 2,1,1 2,1,1 4,1,4
2,1,0 4,1,0 4,1,0 4,1,1
2,1 4,2
7 #state_trees
2,1,0 2,1,1 2,1,0 4,2,0
2,1,0 2,1,1 2,1,1 4,2,0
2,1,0 2,1,1 2,1,1 4,2,1
2,1,0 2,1,1 2,1,1 4,2,2
2,1,0 2,1,1 2,1,1 4,2,3
2,1,0 2,1,1 2,1,1 4,2,4
2,1,0 4,2,0 4,2,0 4,2,1
2,1 4,3
7 #state_trees
2,1,0 2,1,1 2,1,0 4,3,0
2,1,0 2,1,1 2,1,1 4,3,0
2,1,0 2,1,1 2,1,1 4,3,1
2,1,0 2,1,1 2,1,1 4,3,2
2,1,0 2,1,1 2,1,1 4,3,3
2,1,0 2,1,1 2,1,1 4,3,4
2,1,0 4,3,0 4,3,0 4,3,1
2,1 4,4
7 #state_trees
2,1,0 2,1,1 2,1,0 4,4,0
2,1,0 2,1,1 2,1,1 4,4,0
2,1,0 2,1,1 2,1,1 4,4,1
2,1,0 2,1,1 2,1,1 4,4,2
2,1,0 2,1,1 2,1,1 4,4,3
2,1,0 2,1,1 2,1,1 4,4,4
2,1,0 4,4,0 4,4,0 4,4,1
2,2 2,3
0 #state_trees
2,2 2,4
0 #state_trees
2,2 3,0
8 #state_trees
2,2,0 2,2,1
2,2,0 2,2,1 2,2,0 3,0,0
2,2,0 2,2,1 2,2,1 3,0,0
2,2,0 2,2,1 2,2,1 3,0,1
2,2,0 2,2,1 2,2,1 3,0,2
2,2,0 2,2,1 2,2,1 3,0,3
2,2,0 3,0,0 3,0,0 3,0,1
3,0,0 3,0,1
2,2 3,1
13 #state_trees
2,2,0 2,2,1
2,2,0 2,2,1 2,2,0 3,1,0
2,2,0 2,2,1 2,2,1 3,1,0
2,2,0 2,2,1 2,2,1 3,1,1
2,2,0 2,2,1 2,2,1 3,1,2
2,2,0 2,2,1 2,2,1 3,1,3
2,2,0 2,2,1 3,1,0 2,2,0
2,2,0 3,1,0 3,1,0 3,1,1
3,1,0 2,2,0 3,1,0 3,1,1
3,1,0 3,1,1
3,1,0 3,1,1 3,1,1 2,2,0
3,1,0 3,1,1 3,1,1 2,2,1
3,1,0 3,1,1 3,1,1 2,2,2
2,2 3,2
10 #state_trees
2,2,0 2,2,1
2,2,0 2,2,1 2,2,0 3,2,0
2,2,0 2,2,1 2,2,1 3,2,1
2,2,0 2,2,1 2,2,1 3,2,2
2,2,0 2,2,1 3,2,0 2,2,0
2,2,0 3,2,0 3,2,0 3,2,1
3,2,0 2,2,0 3,2,0 3,2,1
3,2,0 3,2,1
3,2,0 3,2,1 3,2,1 2,2,0
3,2,0 3,2,1 3,2,1 2,2,1
2,2 3,3
12 #state_trees
2,2,0 2,2,1
2,2,0 2,2,1 2,2,0 3,3,0
2,2,0 2,2,1 2,2,1 3,3,0
2,2,0 2,2,1 2,2,1 3,3,1
2,2,0 2,2,1 2,2,1 3,3,2
2,2,0 2,2,1 2,2,1 3,3,3
2,2,0 2,2,1 3,3,0 2,2,0
2,2,0 3,3,0 3,3,0 3,3,1
3,3,0 2,2,0 3,3,0 3,3,1
3,3,0 3,3,1
3,3,0 3,3,1 3,3,1 2,2,0
3,3,0 3,3,1 3,3,1 2,2,1
2,2 3,4
0 #state_trees
2,2 4,0
9 #state_trees
2,2,0 2,2,1
2,2,0 2,2,1 2,2,0 4,0,0
2,2,0 2,2,1 2,2,1 4,0,0
2,2,0 2,2,1 2,2,1 4,0,1
2,2,0 2,2,1 2,2,1 4,0,2
2,2,0 2,2,1 2,2,1 4,0,3
2,2,0 2,2,1 2,2,1 4,0,4
2,2,0 4,0,0 4,0,0 4,0,1
4,0,0 4,0,1
2,2 4,1
14 #state_trees
2,2,0 2,2,1
2,2,0 2,2,1 2,2,0 4,1,0
2,2,0 2,2,1 2,2,1 4,1,0
2,2,0 2,2,1 2,2,1 4,1,1
2,2,0 2,2,1 2,2,1 4,1,2
2,2,0 2,2,1 2,2,1 4,1,3
2,2,0 2,2,1 2,2,1 4,1,4
2,2,0 2,2,1 4,1,0 2,2,0
2,2,0 4,1,0 4,1,0 4,1,1
4,1,0 2,2,0 4,1,0 4,1,1
4,1,0 4,1,1
4,1,0 4,1,1 4,1,1 2,2,0
4,1,0 4,1,1 4,1,1 2,2,1
4,1,0 4,1,1 4,1,1 2,2,2
2,2 4,2
14 #state_trees
2,2,0 2,2,1
2,2,0 2,2,1 2,2,0 4,2,0
2,2,0 2,2,1 2,2,1 4,2,0
2,2,0 2,2,1 2,2,1 4,2,1
2,2,0 2,2,1 2,2,1 4,2,2
2,2,0 2,2,1 2,2,1 4,2,3
2,2,0 2,2,1 2,2,1 4,2,4
2,2,0 2,2,1 4,2,0 2,2,0
2,2,0 4,2,0 4,2,0 4,2,1
4,2,0 2,2,0 4,2,0 4,2,1
4,2,0 4,2,1
4,2,0 4,2,1 4,2,1 2,2,0
4,2,0 4,2,1 4,2,1 2,2,1
4,2,0 4,2,1 4,2,1 2,2,2
2,2 4,3
13 #state_trees
2,2,0 2,2,1
2,2,0 2,2,1 2,2,0 4,3,0
2,2,0 2,2,1 2,2,1 4,3,0
2,2,0 2,2,1 2,2,1 4,3,1
2,2,0 2,2,1 2,2,1 4,3,2
2,2,0 2,2,1 2,2,1 4,3,3
2,2,0 2,2,1 2,2,1 4,3,4
2,2,0 2,2,1 4,3,0 2,2,0
2,2,0 4,3,0 4,3,0 4,3,1
4,3,0 2,2,0 4,3,0 4,3,1
4,3,0 4,3,1
4,3,0 4,3,1 4,3,1 2,2,0
4,3,0 4,3,1 4,3,1 2,2,1
2,2 4,4
13 #state_trees
2,2,0 2,2,1
2,2,0 2,2,1 2,2,0 4,4,0
2,2,0 2,2,1 2,2,1 4,4,0
2,2,0 2,2,1 2,2,1 4,4,1
2,2,0 2,2,1 2,2,1 4,4,2
2,2,0 2,2,1 2,2,1 4,4,3
2,2,0 2,2,1 2,2,1 4,4,4
2,2,0 2,2,1 4,4,0 2,2,0
2,2,0 4,4,0 4,4,0 4,4,1
4,4,0 2,2,0 4,4,0 4,4,1
4,4,0 4,4,1
4,4,0 4,4,1 4,4,1 2,2,0
4,4,0 4,4,1 4,4,1 2,2,1
2,3 2,4
0 #state_trees
2,3 3,0
0 #state_trees
2,3 3,1
0 #state_trees
2,3 3,2
0 #state_trees
2,3 3,3
0 #state_trees
2,3 3,4
0 #state_trees
2,3 4,0
0 #state_trees
2,3 4,1
0 #state_trees
2,3 4,2
0 #state_trees
2,3 4,3
0 #state_trees
2,3 4,4
0 #state_trees
2,4 3,0
0 #state_trees
2,4 3,1
0 #state_trees
2,4 3,2
0 #state_trees
2,4 3,3
0 #state_trees
2,4 3,4
0 #state_trees
2,4 4,0
0 #state_trees
2,4 4,1
0 #state_trees
2,4 4,2
0 #state_trees
2,4 4,3
0 #state_trees
2,4 4,4
0 #state_trees
3,0 3,1
8 #state_trees
3,0,0 3,0,1
3,0,0 3,0,1 3,1,0 3,0,0
3,1,0 3,0,0 3,1,0 3,1,1
3,1,0 3,1,1
3,1,0 3,1,1 3,1,1 3,0,0
3,1,0 3,1,1 3,1,1 3,0,1
3,1,0 3,1,1 3,1,1 3,0,2
3,1,0 3,1,1 3,1,1 3,0,3
3,0 3,2
8 #state_trees
3,0,0 3,0,1
3,0,0 3,0,1 3,2,0 3,0,0
3,2,0 3,0,0 3,2,0 3,2,1
3,2,0 3,2,1
3,2,0 3,2,1 3,2,1 3,0,0
3,2,0 3,2,1 3,2,1 3,0,1
3,2,0 3,2,1 3,2,1 3,0,2
3,2,0 3,2,1 3,2,1 3,0,3
3,0 3,3
7 #state_trees
3,0,0 3,0,1
3,0,0 3,0,1 3,3,0 3,0,0
3,3,0 3,0,0 3,3,0 3,3,1
3,3,0 3,3,1
3,3,0 3,3,1 3,3,1 3,0,0
3,3,0 3,3,1 3,3,1 3,0,1
3,3,0 3,3,1 3,3,1 3,0,2
3,0 3,4
0 #state_trees
3,0 4,0
10 #state_trees
3,0,0 3,0,1
3,0,0 3,0,1 3,0,0 4,0,0
3,0,0 3,0,1 3,0,1 4,0,1
3,0,0 3,0,1 3,0,1 4,0,2
3,0,0 3,0,1 4,0,0 3,0,0
3,0,0 4,0,0 4,0,0 4,0,1
4,0,0 3,0,0 4,0,0 4,0,1
4,0,0 4,0,1
4,0,0 4,0,1 4,0,1 3,0,0
4,0,0 4,0,1 4,0,1 3,0,1
3,0 4,1
8 #state_trees
3,0,0 3,0,1
3,0,0 3,0,1 4,1,0 3,0,0
4,1,0 3,0,0 4,1,0 4,1,1
4,1,0 4,1,1
4,1,0 4,1,1 4,1,1 3,0,0
4,1,0 4,1,1 4,1,1 3,0,1
4,1,0 4,1,1 4,1,1 3,0,2
4,1,0 4,1,1 4,1,1 3,0,3
3,0 4,2
8 #state_trees
3,0,0 3,0,1
3,0,0 3,0,1 4,2,0 3,0,0
4,2,0 3,0,0 4,2,0 4,2,1
4,2,0 4,2,1
4,2,0 4,2,1 4,2,1 3,0,0
4,2,0 4,2,1 4,2,1 3,0,1
4,2,0 4,2,1 4,2,1 3,0,2
4,2,0 4,2,1 4,2,1 3,0,3
3,0 4,3
8 #state_trees
3,0,0 3,0,1
3,0,0 3,0,1 4,3,0 3,0,0
4,3,0 3,0,0 4,3,0 4,3,1
4,3,0 4,3,1
4,3,0 4,3,1 4,3,1 3,0,0
4,3,0 4,3,1 4,3,1 3,0,1
4,3,0 4,3,1 4,3,1 3,0,2
4,3,0 4,3,1 4,3,1 3,0,3
3,0 4,4
8 #state_trees
3,0,0 3,0,1
3,0,0 3,0,1 4,4,0 3,0,0
4,4,0 3,0,0 4,4,0 4,4,1
4,4,0 4,4,1
4,4,0 4,4,1 4,4,1 3,0,0
4,4,0 4,4,1 4,4,1 3,0,1
4,4,0 4,4,1 4,4,1 3,0,2
4,4,0 4,4,1 4,4,1 3,0,3
3,1 3,2
14 #state_trees
3,1,0 3,1,1
3,1,0 3,1,1 3,1,0 3,2,0
3,1,0 3,1,1 3,1,1 3,2,0
3,1,0 3,1,1 3,1,1 3,2,1
3,1,0 3,1,1 3,1,1 3,2,2
3,1,0 3,1,1 3,1,1 3,2,3
3,1,0 3,1,1 3,2,0 3,1,0
3,1,0 3,2,0 3,2,0 3,2,1
3,2,0 3,1,0 3,2,0 3,2,1
3,2,0 3,2,1
3,2,0 3,2,1 3,2,1 3,1,0
3,2,0 3,2,1 3,2,1 3,1,1
3,2,0 3,2,1 3,2,1 3,1,2
3,2,0 3,2,1 3,2,1 3,1,3
3,1 3,3
13 #state_trees
3,1,0 3,1,1
3,1,0 3,1,1 3,1,0 3,3,0
3,1,0 3,1,1 3,1,1 3,3,0
3,1,0 3,1,1 3,1,1 3,3,1
3,1,0 3,1,1 3,1,1 3,3,2
3,1,0 3,1,1 3,1,1 3,3,3
3,1,0 3,1,1 3,3,0 3,1,0
3,1,0 3,3,0 3,3,0 3,3,1
3,3,0 3,1,0 3,3,0 3,3,1
3,3,0 3,3,1
3,3,0 3,3,1 3,3,1 3,1,0
3,3,0 3,3,1 3,3,1 3,1,1
3,3,0 3,3,1 3,3,1 3,1,2
3,1 3,4
0 #state_trees
3,1 4,0
9 #state_trees
3,1,0 3,1,1
3,1,0 3,1,1 3,1,0 4,0,0
3,1,0 3,1,1 3,1,1 4,0,0
3,1,0 3,1,1 3,1,1 4,0,1
3,1,0 3,1,1 3,1,1 4,0,2
3,1,0 3,1,1 3,1,1 4,0,3
3,1,0 3,1,1 3,1,1 4,0,4
3,1,0 4,0,0 4,0,0 4,0,1
4,0,0 4,0,1
3,1 4,1
13 #state_trees
3,1,0 3,1,1
3,1,0 3,1,1 3,1,0 4,1,0
3,1,0 3,1,1 3,1,1 4,1,0
3,1,0 3,1,1 3,1,1 4,1,1
3,1,0 3,1,1 3,1,1 4,1,2
3,1,0 3,1,1 3,1,1 4,1,3
3,1,0 3,1,1 3,1,1 4,1,4
3,1,0 3,1,1 4,1,0 3,1,0
3,1,0 4,1,0 4,1,0 4,1,1
4,1,0 3,1,0 4,1,0 4,1,1
4,1,0 4,1,1
4,1,0 4,1,1 4,1,1 3,1,0
4,1,0 4,1,1 4,1,1 3,1,1
3,1 4,2
15 #state_trees
3,1,0 3,1,1
3,1,0 3,1,1 3,1,0 4,2,0
3,1,0 3,1,1 3,1,1 4,2,0
3,1,0 3,1,1 3,1,1 4,2,1
3,1,0 3,1,1 3,1,1 4,2,2
3,1,0 3,1,1 3,1,1 4,2,3
3,1,0 3,1,1 3,1,1 4,2,4
3,1,0 3,1,1 4,2,0 3,1,0
3,1,0 4,2,0 4,2,0 4,2,1
4,2,0 3,1,0 4,2,0 4,2,1
4,2,0 4,2,1
4,2,0 4,2,1 4,2,1 3,1,0
4,2,0 4,2,1 4,2,1 3,1,1
4,2,0 4,2,1 4,2,1 3,1,2
4,2,0 4,2,1 4,2,1 3,1,3
3,1 4,3
15 #state_trees
3,1,0 3,1,1
3,1,0 3,1,1 3,1,0 4,3,0
3,1,0 3,1,1 3,1,1 4,3,0
3,1,0 3,1,1 3,1,1 4,3,1
3,1,0 3,1,1 3,1,1 4,3,2
3,1,0 3,1,1 3,1,1 4,3,3
3,1,0 3,1,1 3,1,1 4,3,4
3,1,0 3,1,1 4,3,0 3,1,0
3,1,0 4,3,0 4,3,0 4,3,1
4,3,0 3,1,0 4,3,0 4,3,1
4,3,0 4,3,1
4,3,0 4,3,1 4,3,1 3,1,0
4,3,0 4,3,1 4,3,1 3,1,1
4,3,0 4,3,1 4,3,1 3,1,2
4,3,0 4,3,1 4,3,1 3,1,3
3,1 4,4
14 #state_trees
3,1,0 3,1,1
3,1,0 3,1,1 3,1,0 4,4,0
3,1,0 3,1,1 3,1,1 4,4,0
3,1,0 3,1,1 3,1,1 4,4,1
3,1,0 3,1,1 3,1,1 4,4,2
3,1,0 3,1,1 3,1,1 4,4,3
3,1,0 3,1,1 3,1,1 4,4,4
3,1,0 3,1,1 4,4,0 3,1,0
3,1,0 4,4,0 4,4,0 4,4,1
4,4,0 3,1,0 4,4,0 4,4,1
4,4,0 4,4,1
4,4,0 4,4,1 4,4,1 3,1,0
4,4,0 4,4,1 4,4,1 3,1,1
4,4,0 4,4,1 4,4,1 3,1,2
3,2 3,3
12 #state_trees
3,2,0 3,2,1
3,2,0 3,2,1 3,2,0 3,3,0
3,2,0 3,2,1 3,2,1 3,3,0
3,2,0 3,2,1 3,2,1 3,3,1
3,2,0 3,2,1 3,2,1 3,3,2
3,2,0 3,2,1 3,2,1 3,3,3
3,2,0 3,2,1 3,3,0 3,2,0
3,2,0 3,3,0 3,3,0 3,3,1
3,3,0 3,2,0 3,3,0 3,3,1
3,3,0 3,3,1
3,3,0 3,3,1 3,3,1 3,2,0
3,3,0 3,3,1 3,3,1 3,2,1
3,2 3,4
0 #state_trees
3,2 4,0
9 #state_trees
3,2,0 3,2,1
3,2,0 3,2,1 3,2,0 4,0,0
3,2,0 3,2,1 3,2,1 4,0,0
3,2,0 3,2,1 3,2,1 4,0,1
3,2,0 3,2,1 3,2,1 4,0,2
3,2,0 3,2,1 3,2,1 4,0,3
3,2,0 3,2,1 3,2,1 4,0,4
3,2,0 4,0,0 4,0,0 4,0,1
4,0,0 4,0,1
3,2 4,1
15 #state_trees
3,2,0 3,2,1
3,2,0 3,2,1 3,2,0 4,1,0
3,2,0 3,2,1 3,2,1 4,1,0
3,2,0 3,2,1 3,2,1 4,1,1
3,2,0 3,2,1 3,2,1 4,1,2
3,2,0 3,2,1 3,2,1 4,1,3
3,2,0 3,2,1 3,2,1 4,1,4
3,2,0 3,2,1 4,1,0 3,2,0
3,2,0 4,1,0 4,1,0 4,1,1
4,1,0 3,2,0 4,1,0 4,1,1
4,1,0 4,1,1
4,1,0 4,1,1 4,1,1 3,2,0
4,1,0 4,1,1 4,1,1 3,2,1
4,1,0 4,1,1 4,1,1 3,2,2
4,1,0 4,1,1 4,1,1 3,2,3
3,2 4,2
15 #state_trees
3,2,0 3,2,1
3,2,0 3,2,1 3,2,0 4,2,0
3,2,0 3,2,1 3,2,1 4,2,0
3,2,0 3,2,1 3,2,1 4,2,1
3,2,0 3,2,1 3,2,1 4,2,2
3,2,0 3,2,1 3,2,1 4,2,3
3,2,0 3,2,1 3,2,1 4,2,4
3,2,0 3,2,1 4,2,0 3,2,0
3,2,0 4,2,0 4,2,0 4,2,1
4,2,0 3,2,0 4,2,0 4,2,1
4,2,0 4,2,1
4,2,0 4,2,1 4,2,1 3,2,0
4,2,0 4,2,1 4,2,1 3,2,1
4,2,0 4,2,1 4,2,1 3,2,2
4,2,0 4,2,1 4,2,1 3,2,3
3,2 4,3
13 #state_trees
3,2,0 3,2,1
3,2,0 3,2,1 3,2,0 4,3,0
3,2,0 3,2,1 3,2,1 4,3,0
3,2,0 3,2,1 3,2,1 4,3,1
3,2,0 3,2,1 3,2,1 4,3,2
3,2,0 3,2,1 3,2,1 4,3,3
3,2,0 3,2,1 3,2,1 4,3,4
3,2,0 3,2,1 4,3,0 3,2,0
3,2,0 4,3,0 4,3,0 4,3,1
4,3,0 3,2,0 4,3,0 4,3,1
4,3,0 4,3,1
4,3,0 4,3,1 4,3,1 3,2,0
4,3,0 4,3,1 4,3,1 3,2,1
3,2 4,4
13 #state_trees
3,2,0 3,2,1
3,2,0 3,2,1 3,2,0 4,4,0
3,2,0 3,2,1 3,2,1 4,4,0
3,2,0 3,2,1 3,2,1 4,4,1
3,2,0 3,2,1 3,2,1 4,4,2
3,2,0 3,2,1 3,2,1 4,4,3
3,2,0 3,2,1 3,2,1 4,4,4
3,2,0 3,2,1 4,4,0 3,2,0
3,2,0 4,4,0 4,4,0 4,4,1
4,4,0 3,2,0 4,4,0 4,4,1
4,4,0 4,4,1
4,4,0 4,4,1 4,4,1 3,2,0
4,4,0 4,4,1 4,4,1 3,2,1
3,3 3,4
0 #state_trees
3,3 4,0
9 #state_trees
3,3,0 3,3,1
3,3,0 3,3,1 3,3,0 4,0,0
3,3,0 3,3,1 3,3,1 4,0,0
3,3,0 3,3,1 3,3,1 4,0,1
3,3,0 3,3,1 3,3,1 4,0,2
3,3,0 3,3,1 3,3,1 4,0,3
3,3,0 3,3,1 3,3,1 4,0,4
3,3,0 4,0,0 4,0,0 4,0,1
4,0,0 4,0,1
3,3 4,1
14 #state_trees
3,3,0 3,3,1
3,3,0 3,3,1 3,3,0 4,1,0
3,3,0 3,3,1 3,3,1 4,1,0
3,3,0 3,3,1 3,3,1 4,1,1
3,3,0 3,3,1 3,3,1 4,1,2
3,3,0 3,3,1 3,3,1 4,1,3
3,3,0 3,3,1 4,1,0 3,3,0
3,3,0 4,1,0 4,1,0 4,1,1
4,1,0 3,3,0 4,1,0 4,1,1
4,1,0 4,1,1
4,1,0 4,1,1 4,1,1 3,3,0
4,1,0 4,1,1 4,1,1 3,3,1
4,1,0 4,1,1 4,1,1 3,3,2
4,1,0 4,1,1 4,1,1 3,3,3
3,3 4,2
14 #state_trees
3,3,0 3,3,1
3,3,0 3,3,1 3,3,0 4,2,0
3,3,0 3,3,1 3,3,1 4,2,0
3,3,0 3,3,1 3,3,1 4,2,1
3,3,0 3,3,1 3,3,1 4,2,2
3,3,0 3,3,1 3,3,1 4,2,3
3,3,0 3,3,1 4,2,0 3,3,0
3,3,0 4,2,0 4,2,0 4,2,1
4,2,0 3,3,0 4,2,0 4,2,1
4,2,0 4,2,1
4,2,0 4,2,1 4,2,1 3,3,0
4,2,0 4,2,1 4,2,1 3,3,1
4,2,0 4,2,1 4,2,1 3,3,2
4,2,0 4,2,1 4,2,1 3,3,3
3,3 4,3
11 #state_trees
3,3,0 3,3,1
3,3,0 3,3,1 3,3,0 4,3,0
3,3,0 3,3,1 3,3,1 4,3,1
3,3,0 3,3,1 3,3,1 4,3,2
3,3,0 3,3,1 4,3,0 3,3,0
3,3,0 4,3,0 4,3,0 4,3,1
4,3,0 3,3,0 4,3,0 4,3,1
4,3,0 4,3,1
4,3,0 4,3,1 4,3,1 3,3,0
4,3,0 4,3,1 4,3,1 3,3,1
4,3,0 4,3,1 4,3,1 3,3,2
3,3 4,4
14 #state_trees
3,3,0 3,3,1
3,3,0 3,3,1 3,3,0 4,4,0
3,3,0 3,3,1 3,3,1 4,4,0
3,3,0 3,3,1 3,3,1 4,4,1
3,3,0 3,3,1 3,3,1 4,4,2
3,3,0 3,3,1 3,3,1 4,4,3
3,3,0 3,3,1 3,3,1 4,4,4
3,3,0 3,3,1 4,4,0 3,3,0
3,3,0 4,4,0 4,4,0 4,4,1
4,4,0 3,3,0 4,4,0 4,4,1
4,4,0 4,4,1
4,4,0 4,4,1 4,4,1 3,3,0
4,4,0 4,4,1 4,4,1 3,3,1
4,4,0 4,4,1 4,4,1 3,3,2
3,4 4,0
0 #state_trees
3,4 4,1
0 #state_trees
3,4 4,2
0 #state_trees
3,4 4,3
0 #state_trees
3,4 4,4
0 #state_trees
4,0 4,1
9 #state_trees
4,0,0 4,0,1
4,0,0 4,0,1 4,1,0 4,0,0
4,1,0 4,0,0 4,1,0 4,1,1
4,1,0 4,1,1
4,1,0 4,1,1 4,1,1 4,0,0
4,1,0 4,1,1 4,1,1 4,0,1
4,1,0 4,1,1 4,1,1 4,0,2
4,1,0 4,1,1 4,1,1 4,0,3
4,1,0 4,1,1 4,1,1 4,0,4
4,0 4,2
9 #state_trees
4,0,0 4,0,1
4,0,0 4,0,1 4,2,0 4,0,0
4,2,0 4,0,0 4,2,0 4,2,1
4,2,0 4,2,1
4,2,0 4,2,1 4,2,1 4,0,0
4,2,0 4,2,1 4,2,1 4,0,1
4,2,0 4,2,1 4,2,1 4,0,2
4,2,0 4,2,1 4,2,1 4,0,3
4,2,0 4,2,1 4,2,1 4,0,4
4,0 4,3
9 #state_trees
4,0,0 4,0,1
4,0,0 4,0,1 4,3,0 4,0,0
4,3,0 4,0,0 4,3,0 4,3,1
4,3,0 4,3,1
4,3,0 4,3,1 4,3,1 4,0,0
4,3,0 4,3,1 4,3,1 4,0,1
4,3,0 4,3,1 4,3,1 4,0,2
4,3,0 4,3,1 4,3,1 4,0,3
4,3,0 4,3,1 4,3,1 4,0,4
4,0 4,4
8 #state_trees
4,0,0 4,0,1
4,0,0 4,0,1 4,4,0 4,0,0
4,4,0 4,0,0 4,4,0 4,4,1
4,4,0 4,4,1
4,4,0 4,4,1 4,4,1 4,0,0
4,4,0 4,4,1 4,4,1 4,0,1
4,4,0 4,4,1 4,4,1 4,0,2
4,4,0 4,4,1 4,4,1 4,0,3
4,1 4,2
16 #state_trees
4,1,0 4,1,1
4,1,0 4,1,1 4,1,0 4,2,0
4,1,0 4,1,1 4,1,1 4,2,0
4,1,0 4,1,1 4,1,1 4,2,1
4,1,0 4,1,1 4,1,1 4,2,2
4,1,0 4,1,1 4,1,1 4,2,3
4,1,0 4,1,1 4,1,1 4,2,4
4,1,0 4,1,1 4,2,0 4,1,0
4,1,0 4,2,0 4,2,0 4,2,1
4,2,0 4,1,0 4,2,0 4,2,1
4,2,0 4,2,1
4,2,0 4,2,1 4,2,1 4,1,0
4,2,0 4,2,1 4,2,1 4,1,1
4,2,0 4,2,1 4,2,1 4,1,2
4,2,0 4,2,1 4,2,1 4,1,3
4,2,0 4,2,1 4,2,1 4,1,4
4,1 4,3
15 #state_trees
4,1,0 4,1,1
4,1,0 4,1,1 4,1,0 4,3,0
4,1,0 4,1,1 4,1,1 4,3,0
4,1,0 4,1,1 4,1,1 4,3,1
4,1,0 4,1,1 4,1,1 4,3,2
4,1,0 4,1,1 4,1,1 4,3,3
4,1,0 4,1,1 4,1,1 4,3,4
4,1,0 4,1,1 4,3,0 4,1,0
4,1,0 4,3,0 4,3,0 4,3,1
4,3,0 4,1,0 4,3,0 4,3,1
4,3,0 4,3,1
4,3,0 4,3,1 4,3,1 4,1,0
4,3,0 4,3,1 4,3,1 4,1,1
4,3,0 4,3,1 4,3,1 4,1,2
4,3,0 4,3,1 4,3,1 4,1,3
4,1 4,4
14 #state_trees
4,1,0 4,1,1
4,1,0 4,1,1 4,1,0 4,4,0
4,1,0 4,1,1 4,1,1 4,4,0
4,1,0 4,1,1 4,1,1 4,4,1
4,1,0 4,1,1 4,1,1 4,4,2
4,1,0 4,1,1 4,1,1 4,4,3
4,1,0 4,1,1 4,1,1 4,4,4
4,1,0 4,1,1 4,4,0 4,1,0
4,1,0 4,4,0 4,4,0 4,4,1
4,4,0 4,1,0 4,4,0 4,4,1
4,4,0 4,4,1
4,4,0 4,4,1 4,4,1 4,1,0
4,4,0 4,4,1 4,4,1 4,1,1
4,4,0 4,4,1 4,4,1 4,1,2
4,2 4,3
15 #state_trees
4,2,0 4,2,1
4,2,0 4,2,1 4,2,0 4,3,0
4,2,0 4,2,1 4,2,1 4,3,0
4,2,0 4,2,1 4,2,1 4,3,1
4,2,0 4,2,1 4,2,1 4,3,2
4,2,0 4,2,1 4,2,1 4,3,3
4,2,0 4,2,1 4,2,1 4,3,4
4,2,0 4,2,1 4,3,0 4,2,0
4,2,0 4,3,0 4,3,0 4,3,1
4,3,0 4,2,0 4,3,0 4,3,1
4,3,0 4,3,1
4,3,0 4,3,1 4,3,1 4,2,0
4,3,0 4,3,1 4,3,1 4,2,1
4,3,0 4,3,1 4,3,1 4,2,2
4,3,0 4,3,1 4,3,1 4,2,3
4,2 4,4
14 #state_trees
4,2,0 4,2,1
4,2,0 4,2,1 4,2,0 4,4,0
4,2,0 4,2,1 4,2,1 4,4,0
4,2,0 4,2,1 4,2,1 4,4,1
4,2,0 4,2,1 4,2,1 4,4,2
4,2,0 4,2,1 4,2,1 4,4,3
4,2,0 4,2,1 4,2,1 4,4,4
4,2,0 4,2,1 4,4,0 4,2,0
4,2,0 4,4,0 4,4,0 4,4,1
4,4,0 4,2,0 4,4,0 4,4,1
4,4,0 4,4,1
4,4,0 4,4,1 4,4,1 4,2,0
4,4,0 4,4,1 4,4,1 4,2,1
4,4,0 4,4,1 4,4,1 4,2,2
4,3 4,4
13 #state_trees
4,3,0 4,3,1
4,3,0 4,3,1 4,3,0 4,4,0
4,3,0 4,3,1 4,3,1 4,4,0
4,3,0 4,3,1 4,3,1 4,4,1
4,3,0 4,3,1 4,3,1 4,4,2
4,3,0 4,3,1 4,3,1 4,4,3
4,3,0 4,3,1 4,3,1 4,4,4
4,3,0 4,3,1 4,4,0 4,3,0
4,3,0 4,4,0 4,4,0 4,4,1
4,4,0 4,3,0 4,4,0 4,4,1
4,4,0 4,4,1
4,4,0 4,4,1 4,4,1 4,3,0
4,4,0 4,4,1 4,4,1 4,3,1
